science:
29
74
138
221
325
451
603
780
986
1223
1492
1796
2138
2520
2945
3415
3934
4505
5131
5816
6563
7377
8261
9221
10260
11382
12595
13901
15288
16788
18395
20115
21953
23914
26004
28229
30595
33108
35774
38600

population:
21
57
111
183
273
381
507
651
813
993
1191
1407
1641
1893
2163
2451
2757
3081
3423
3783
4161
4557
4971
5403
5853
6321
6807
7311
7833

production:
5
8
11
17
25
38
57
86
128
192
288
433
649

culture:
1       0
2       318
3       765
4       1315
5       2087
6       2985
7       4059
8       5320
9       6785
10      8467
11      10382
12      12547
13      14979
14      17697
15      20721
16      24071
17      27768
18      31835
19      36298
20      41179
21      46507
22      52310
23      58616
24      65456
25      72863
26      80863
27      88863
28		  97000
29     106000
30     116000
31     126000
32     136000

